11
64
76
85
128
129
136
142
143
146
147
159
166
206
207
275
276
277
296
313
318
360
462
463
476
477
478
530
533
541
552
613
630
637
684
695
711
753
778
781
792
835
836
873
880
883
884
920
960
996
998
1022
1070
1101
1113
1136
1164
1181
1220
1255
1259
1291
1297
1336
1341
1342
1380
1381
1388
1389
1394
1415
1417
1418
1532
1536
1565
1586
1597
1604
1609
1631
1635
1675
1694
1698
1746
1791
1809
1884
1914
1933
1941
1943
1945
1949
1992
1998
2049
2100
2209
2276
2307
2347
2351
2400
2628
2721
2739
2751
2807
2818
2820
2821
2953
2969
3010
3014
3016
3048
3063
3065
3091
3106
3149
3154
3156
3229
3230
3251
3257
3262
3267
3272
3279
3287
3306
3307
3308
3320
3324
3325
3347
3353
3355
3356
3357
3378
3381
3404
3405
3406
3411
3425
3428
3430
3455
3457
3463
3465
3482
3483
3486
3490
3519
3542
3544
3572
3593
3621
3671
3672
3676
3691
3692
3693
3695
3698
3726
3741
3743
3744
3746
3772
3777
3786
3790
3792
3806
3823
3824
3828
3832
3838
3848
3849
3865
3873
3881
3884
3905
3908
3919
3939
3944
3952
3955
3958
3961
3963
3980
3984
3985
3993
3999
4021
4023
4024
4028
4030
4033
4036
4038
4061
4063
4064
4067
4069
4070
4073
4074
4076
4077
4078
4079
4080
4081
4085
4086
4096
4097
4098
4099
4100
4105
4106
4115
4117
4118
4131
4132
4133
4134
4135
4136
4157
4158
4181
4182
4183
4184
4185
4205
4206
4207
4208
4215
4224
4225
4226
4227
4228
4236
4238
4247
4248
4249
4260
4264
4265
4266
4267
4268
4285
4286
4303
4304
4310
4311
4312
4313
4335
4338
4339
4355
4362
4363
4364
4365
4366
4380
4382
4388
4389
4390
4402
4410
4411
4412
4413
4414
4436
4440
4441
4442
4443
4460
4461
4462
4483
4500
4504
4505
4506
4507
4508
4509
4529
4531
4540
4544
4545
4546
4547
4606
4724
4756
4807
4832
4847
4857
4861
4871
4893
4896
4918
4970
5039
5041
5049
5062
5143
5144
5145
5146
5147
5148
5153
5154
5155
5157
5158
5167
5168
5169
5170
5172
5176
5177
5178
5199
5200
5209
5210
5217
5240
5275
5276
5282
5283
5284
5324
5325
5326
5327
5350
5357
5358
5371
5372
5373
5374
5433
5435
5436
5439
5459
5470
5497
5512
5513
5514
5515
5535
5541
5543
5551
5553
5576
5589
5592
5616
5634
5635
5699
5719
5750
5757
5761
5787
5788
5836
5996
6113
6598
6858
6912
7050
7072
7073
7716
7737
8007
8086
8088
8089
8092
8093
8094
8095
8096
8099
8100
8102
8104
8105
8108
8112
8114
8117
8118
8119
8124
8129
8130
8131
8133
8134
8140
8141
8142
8143
8148
8149
8150
8151
8153
8155
8156
8157
8159
8161
8162
8165
8166
8168
