0.511748 0.572326 0.511895 0.525223 0.510953 0.559624 0.463012 0.529460 0.342005 0.222142 0.175499 
0.559621 0.570245 0.451865 0.550078 0.447309 0.471146 0.470343 0.491616 0.271885 0.222893 0.208545 
0.653638 0.505659 0.458318 0.498916 0.508459 0.505779 0.466680 0.481775 0.222564 0.252235 0.192652 
0.579384 0.456431 0.396147 0.410180 0.469992 0.520294 0.514949 0.518582 0.368825 0.236864 0.182118 
0.504393 0.545427 0.475733 0.551300 0.422444 0.650629 0.602364 0.580600 0.583213 0.218056 0.170193 
0.533539 0.518176 0.446022 0.390938 0.540638 0.368936 0.562746 0.657819 0.832883 0.222220 0.175521 
0.501146 0.558467 0.486161 0.448871 0.551247 0.466351 0.581794 0.536164 0.297323 0.210633 0.165056 
0.579061 0.628699 0.506697 0.462270 0.522805 0.456946 0.435642 0.542587 0.206810 0.227157 0.170550 
0.633243 0.464642 0.302017 0.394635 0.580015 0.486170 0.496440 0.512544 0.335283 0.215108 0.182891 
0.600790 0.399768 0.161069 0.548754 0.466921 0.443250 0.734046 0.447296 0.253006 0.215798 0.159816 
0.529137 0.481871 0.692149 0.380633 0.634321 0.018630 0.561867 0.552282 0.224112 0.193069 0.172690 
0.573589 0.546692 0.443027 0.488258 0.708888 0.440277 0.340028 0.426918 0.276436 0.230274 0.131624 
0.569480 0.503142 0.489737 0.546940 0.656157 0.712197 0.200152 0.592460 0.307798 0.201070 0.178749 
0.529910 0.428595 0.454892 0.512671 0.464357 0.542093 0.549971 0.421845 0.446152 0.202410 0.165571 
0.565750 0.452055 0.283797 0.556155 0.349782 0.594855 0.544321 0.578242 0.234213 0.227298 0.191072 
0.602195 0.437956 0.441866 0.558382 0.638586 0.436722 0.462620 0.509538 0.299562 0.229795 0.160773 
0.563827 0.543152 0.489384 0.478290 0.456315 0.468596 0.463384 0.545211 0.269923 0.240461 0.172403 
0.442027 0.494632 0.489125 0.478779 0.396629 0.557911 0.508191 0.498248 0.189757 0.215632 0.178381 
0.554694 0.483421 0.460383 0.512294 0.499795 0.494249 0.489924 0.522785 0.000991 0.222222 0.171209 
0.503944 0.497275 0.495482 0.471630 0.500170 0.523893 0.466130 0.515388 0.355224 0.222499 0.170222 
0.564345 0.477311 0.442570 0.469424 0.499160 0.503948 0.507669 0.489530 0.206530 0.234585 0.164250 
0.513044 0.416113 0.427170 0.429486 0.772994 0.481319 0.547592 0.572070 0.192222 0.207589 0.192152 
0.535548 0.527533 0.317071 0.292304 0.466064 0.550548 0.369721 0.603633 0.371112 0.246005 0.206861 
0.568566 0.490757 0.404886 0.464512 0.491230 0.493143 0.487775 0.509019 0.337198 0.215814 0.173244 
0.289870 0.262000 0.268915 0.454058 0.684294 0.463620 0.471784 0.548215 0.536702 0.229075 0.171997 
0.480989 0.378033 0.439715 0.402297 0.647991 0.458019 0.433279 0.493461 0.229365 0.222000 0.170292 
0.616477 0.486148 0.487139 0.453791 0.430331 0.526827 0.500593 0.465662 0.188215 0.208643 0.165946 
0.493062 0.474575 0.395437 0.468624 0.526578 0.474525 0.404300 0.506972 0.434284 0.222222 0.175535 
0.475305 0.477840 0.272655 0.543262 0.396177 0.472153 0.551708 0.433893 0.293347 0.227432 0.170426 
0.525901 0.643309 0.419607 0.593709 0.590998 0.579162 0.417242 0.517009 0.330328 0.232066 0.164865 
0.593797 0.585270 0.284026 0.464171 0.437324 0.548271 0.409714 0.522384 0.769103 0.234293 0.187702 
0.551497 0.484093 0.455067 0.495012 0.553204 0.517143 0.389637 0.529484 0.219284 0.221509 0.176925 
0.526033 0.462474 0.399018 0.185520 0.590056 0.548346 0.531103 0.604732 0.227633 0.222220 0.175521 
0.519191 0.500302 0.360368 0.437861 0.614372 0.663722 0.597436 0.556948 0.293321 0.222220 0.175533 
0.601012 0.468869 0.321506 0.425830 0.482242 0.476492 0.433479 0.505554 0.376431 0.222734 0.175362 
0.420636 0.553104 0.287101 0.462080 0.440351 0.471062 0.480749 0.513725 0.515101 0.224881 0.171899 
0.481356 0.448263 0.523178 0.638020 0.450261 0.565352 0.608956 0.591311 0.545733 0.230829 0.131842 
0.398770 0.495338 0.557774 0.350058 0.574236 0.508300 0.586021 0.447742 0.325202 0.225069 0.187638 
0.665272 0.431370 0.573955 0.410644 0.555751 0.574157 0.539678 0.630069 0.275774 0.196411 0.184022 
0.606273 0.389611 0.497703 0.457405 0.537354 0.339981 0.496509 0.410145 0.252236 0.221932 0.175423 
0.523527 0.473023 0.593331 0.503973 0.431581 0.547215 0.539074 0.480936 0.297903 0.233990 0.183345 
0.415786 0.462496 0.422356 0.463831 0.397252 0.484860 0.485762 0.215185 0.487990 0.222225 0.175531 
0.530557 0.562055 0.348513 0.527909 0.504011 0.381279 0.399170 0.452216 0.405176 0.265460 0.189675 
0.550693 0.464881 0.566595 0.578481 0.555293 0.391599 0.507352 0.554233 0.215764 0.224352 0.170873 
0.568437 0.441516 0.409555 0.593263 0.265893 0.659196 0.587535 0.477741 0.240996 0.217365 0.181336 
0.511657 0.509714 0.344663 0.513246 0.420525 0.699537 0.628060 0.482711 0.422180 0.220477 0.187131 
0.498406 0.416958 0.414542 0.339898 0.355715 0.471107 0.334036 0.540442 0.817257 0.223317 0.210427 
0.584575 0.583711 0.543613 0.620868 0.546899 0.416182 0.456554 0.585061 0.366520 0.234585 0.164250 
0.556703 0.502272 0.475743 0.443897 0.270899 0.621331 0.459641 0.439121 0.264820 0.221852 0.160654 
0.486519 0.543269 0.460843 0.471772 0.510548 0.510009 0.478965 0.539096 0.353069 0.231018 0.160604 
0.598139 0.521057 0.463191 0.491812 0.536192 0.454431 0.481518 0.502740 0.303537 0.222231 0.175538 
0.592453 0.462721 0.493772 0.473956 0.523447 0.484346 0.504915 0.502787 0.347327 0.222223 0.175539 
0.604652 0.502298 0.464436 0.557982 0.496643 0.356175 0.537828 0.532151 0.178724 0.183581 0.167824 
0.535704 0.523803 0.357648 0.597000 0.500421 0.430359 0.477855 0.464069 0.199719 0.225740 0.177697 
0.606127 0.486097 0.325221 0.427669 0.560091 0.403505 0.422973 0.426361 0.266864 0.209694 0.164616 
0.556365 0.542774 0.402011 0.498516 0.479946 0.533421 0.566702 0.605446 0.411465 0.189869 0.199075 
0.523428 0.520837 0.519859 0.528066 0.475110 0.458603 0.469219 0.534642 0.999878 0.211116 0.186333 
0.554682 0.494133 0.478292 0.501681 0.499789 0.489712 0.489911 0.514544 0.851961 0.222218 0.175539 
0.546322 0.471981 0.488781 0.516719 0.636378 0.213038 0.623911 0.593825 0.423588 0.214646 0.187483 
0.536049 0.488996 0.387318 0.287548 0.603342 0.462700 0.424296 0.481947 0.296769 0.221492 0.175455 
0.383538 0.577478 0.521886 0.358921 0.405886 0.545617 0.552503 0.545370 0.601505 0.235655 0.204023 
0.538731 0.443034 0.425729 0.429508 0.560959 0.482454 0.548742 0.474342 0.280122 0.210083 0.168226 
0.464632 0.489252 0.485117 0.411545 0.584187 0.473532 0.471696 0.538040 0.478930 0.224536 0.175803 
0.592735 0.509464 0.456791 0.460206 0.430054 0.538507 0.514988 0.537498 0.349354 0.203823 0.190370 
0.591038 0.526887 0.401884 0.564963 0.291230 0.497034 0.450190 0.534697 0.294534 0.214248 0.168585 
0.616296 0.501439 0.469601 0.638417 0.611257 0.413689 0.630795 0.337693 0.251513 0.199357 0.184451 
0.547959 0.486095 0.505858 0.461540 0.447618 0.169082 0.548245 0.606110 0.371079 0.236547 0.168447 
0.572545 0.552001 0.635185 0.432632 0.634964 0.413825 0.490940 0.478634 0.267900 0.239300 0.138242 
0.428449 0.475072 0.455969 0.411555 0.460849 0.512299 0.552285 0.427581 0.436464 0.233505 0.177409 
0.551858 0.524423 0.228825 0.572444 0.528392 0.619711 0.418265 0.437959 0.316842 0.242718 0.187210 
0.567307 0.450435 0.441866 0.560705 0.188572 0.521656 0.453202 0.423590 0.523302 0.235899 0.180326 
0.546901 0.435874 0.432116 0.500667 0.524472 0.568627 0.531110 0.497323 0.337254 0.237172 0.188134 
0.576836 0.522105 0.480844 0.426217 0.489055 0.463183 0.329629 0.327467 0.290419 0.206420 0.175883 
0.528759 0.330681 0.325208 0.356489 0.461573 0.515895 0.344182 0.296210 0.320998 0.215077 0.167699 
0.546236 0.480449 0.397344 0.460315 0.774329 0.602894 0.467269 0.427819 0.419495 0.232971 0.176489 
0.431006 0.390335 0.440105 0.421372 0.444419 0.568049 0.589554 0.446721 0.422133 0.231149 0.174962 
0.499757 0.523107 0.469682 0.649664 0.448050 0.423714 0.547360 0.567612 0.263911 0.222222 0.175548 
0.568603 0.378407 0.481720 0.708681 0.441765 0.361368 0.448739 0.422024 0.252706 0.238731 0.181608 
0.520033 0.502546 0.468841 0.580300 0.516245 0.550829 0.523065 0.420712 0.183478 0.253643 0.191644 
0.561058 0.537844 0.496462 0.650338 0.714497 0.461285 0.353470 0.480082 0.461463 0.202139 0.170129 
0.468562 0.525819 0.455093 0.580061 0.650879 0.501543 0.400074 0.477426 0.187444 0.228023 0.173127 
0.517192 0.630665 0.434686 0.617135 0.593762 0.528597 0.539715 0.551068 0.336362 0.222198 0.174141 
0.689517 0.526793 0.405379 0.524917 0.462524 0.517209 0.528536 0.477754 0.561903 0.222218 0.175534 
0.564801 0.577269 0.543812 0.664899 0.400234 0.538376 0.482559 0.582694 0.557816 0.237062 0.179644 
0.463583 0.503593 0.533549 0.466847 0.581633 0.497433 0.484778 0.471763 0.343053 0.226986 0.181971 
0.527157 0.504485 0.342574 0.648192 0.497493 0.411658 0.633932 0.419252 0.371092 0.222500 0.175638 
0.445212 0.514013 0.370163 0.553076 0.518100 0.637550 0.500203 0.643235 0.425854 0.214718 0.167775 
0.563943 0.592230 0.568604 0.512764 0.666700 0.546042 0.567383 0.573536 0.361855 0.212416 0.182146 
0.524824 0.493554 0.429257 0.553574 0.478952 0.502626 0.466732 0.553330 0.213213 0.222224 0.175549 
0.554693 0.494127 0.479384 0.501667 0.499790 0.488883 0.489926 0.514546 0.345985 0.222222 0.175537 
0.492288 0.462239 0.392434 0.593468 0.372719 0.567360 0.449935 0.497822 0.577418 0.219927 0.173647 
0.456842 0.531245 0.458287 0.576451 0.480639 0.550440 0.407328 0.494323 0.247794 0.219673 0.176915 
0.546905 0.489245 0.446518 0.513966 0.469293 0.500629 0.505376 0.531970 0.000670 0.219455 0.173563 
0.572080 0.523120 0.462454 0.467036 0.334478 0.716131 0.242969 0.453925 0.465506 0.203751 0.170867 
0.581755 0.511029 0.475506 0.596254 0.661171 0.376130 0.272356 0.384710 0.403124 0.228730 0.187550 
0.599264 0.531127 0.496795 0.425228 0.492425 0.499671 0.599046 0.492550 0.173420 0.217257 0.154140 
0.669843 0.489656 0.405526 0.417683 0.522792 0.626878 0.482504 0.433833 0.362036 0.220778 0.170197 
0.575907 0.484836 0.186869 0.614657 0.564670 0.577971 0.468011 0.516580 0.306558 0.222226 0.175545 
0.651724 0.506397 0.681184 0.467852 0.385841 0.569429 0.417937 0.467763 0.325980 0.196385 0.188066 
0.582039 0.584932 0.495273 0.526224 0.517506 0.498700 0.505578 0.511495 0.512919 0.228630 0.189757 
